1505
45
170
103
510
86
187
359
1523
393
169
112
30
32
65
88
240
255
636
561
380
177
132
488
65
30
137
67
377
404
16
142
398
89
310
393
1744
156
148
277
494
79
165
444
79
301
445
109
281
629
256
92
36
1289
380
48
37
110
393
178
187
126
92
60
151
27
12
79
275
517
255
83
93
176
193
79
61
158
154
854
47
120
133
278
250
424
106
17
145
265
60
272
75
161
213
68
274
255
146
11
185
231
682
1760
214
103
59
132
45
25
62
31
146
213
159
835
193
300
13
45
186
135
30
339
246
1838
88
36
61
271
265
209
203
222
196
122
189
96
72
220
175
70
61
344
352
167
202
180
82
150
256
243
32
173
176
289
140
76
233
107
101
701
202
140
124
226
394
646
112
370
115
209
84
122
2513
125
107
60
47
667
403
523
37
54
306
162
675
93
50
452
109
30
134
369
404
48
622
105
155
1179
3930
863
504
58
1527
1010
42
105
40
439
346
95
19
291
584
81
1385
127
284
72
242
69
97
34
211
47
563
44
117
9
114
146
142
294
2026
198
37
250
258
414
153
1463
491
108
121
53
160
875
132
69
184
87
725
184
364
482
54
429
96
24
811
1118
92
78
219
331
108
309
173
131
87
468
169
905
57
415
758
236
158
297
171
75
189
551
131
417
825
274
227
161
7
224
84
200
249
297
341
135
141
105
1143
184
71
246
40
260
74
99
88
135
59
267
117
121
160
162
352
38
73
315
34
187
87
203
427
515
68
61
1196
115
204
47
872
119
140
109
72
311
65
189
287
60
116
85
58
183
115
155
37
243
83
36
465
44
235
249
111
414
1689
467
352
91
1611
139
9
395
39
12
1990
109
151
158
301
407
172
224
216
268
56
1406
429
17
110
42
209
102
262
8
438
67
87
315
458
583
576
218
91
60
16
704
63
10
1315
196
229
113
59
208
68
799
279
603
208
453
1037
517
92
196
123
113
222
330
352
414
1551
27
84
107
223
115
120
41
221
228
672
124
69
365
261
457
1285
115
43
243
65
88
86
1502
186
377
1121
9
31
171
122
113
109
384
32
56
283
62
82
233
176
24
533
234
20
13
328
48
587
124
86
27
95
514
246
913
606
353
288
108
450
149
537
16
2268
183
305
775
70
284
167
55
691
217
121
40
237
234
1837
128
647
131
0
199
141
189
217
93
211
138
276
71
170
129
458
106
107
544
39
55
138
975
96
380
620
1110
182
335
87
153
71
73
177
792
3
186
104
80
719
71
73
253
294
71
292
250
245
844
2731
434
608
63
287
94
327
23
107
61
49
115
595
502
78
75
121
108
92
211
194
106
62
27
118
274
121
83
89
8
144
99
236
108
716
2962
158
86
1176
65
135
395
1587
123
268
1792
361
55
131
193
312
681
479
178
290
189
86
90
290
101
27
84
116
143
60
87
175
123
13
64
273
83
90
274
208
150
351
140
342
56
180
96
147
714
825
206
958
180
379
60
92
845
364
344
152
181
32
514
153
179
121
164
255
46
227
41
177
228
98
217
344
254
115
1561
994
150
335
70
1182
144
242
63
367
59
176
85
723
235
250
107
58
109
350
50
510
378
186
147
54
302
185
234
118
3
428
479
263
672
119
321
381
939
360
161
181
69
38
305
523
162
32
313
50
196
273
706
121
0
26
328
58
258
164
290
25
11
1163
101
83
114
312
121
361
212
69
455
524
228
101
127
768
175
367
42
1284
257
1818
918
150
131
75
63
272
43
94
247
399
282
101
153
324
39
41
219
121
238
61
202
94
147
181
67
53
24
164
170
285
69
31
112
360
413
320
92
6495
109
1057
95
16
191
184
60
167
82
444
227
943
320
58
64
344
654
220
192
197
206
63
71
76
113
160
442
362
55
446
242
377
440
55
300
367
679
62
69
129
130
70
727
36
205
42
52
107
186
217
138
300
524
235
96
77
183
375
85
22
252
120
498
243
165
148
438
382
150
63
82
185
427
140
444
68
158
93
112
158
128
2071
14
112
909
214
270
2480
87
28
97
109
223
631
172
64
263
124
82
372
828
556
270
317
13
133
31
478
76
105
488
61
37
120
156
84
243
132
658
118
79
68
281
196
207
219
151
56
60
210
811
1188
296
195
146
202
130
151
372
116
778
186
437
875
113
1026
140
24
526
47
288
130
429
557
57
55
99
141
398
466
489
6
55
285
132
1178
129
432
199
582
291
228
334
197
367
390
22
25
495
138
29
148
2062
221
391
41
624
173
439
144
87
206
210
15
415
406
227
572
232
29
2
38
600
9
265
964
178
571
105
229
2751
510
92
121
283
286
48
42
253
89
69
393
408
84
251
118
5215
274
211
160
148
291
83
469
118
233
118
72
437
166
103
103
135
593
155
184
103
5
272
588
318
11
108
5
73
20
321
32
67
84
186
69
228
172
122
15
396
184
39
92
68
217
55
865
829
350
18
177
22
59
301
93
106
34
84
85
199
71
158
58
52
309
154
80
427
281
100
31
93
93
22
298
74
250
340
150
193
226
102
45
441
44
600
214
39
179
49
144
8
224
51
339
33
76
260
58
60
59
75
286
66
941
21
209
98
291
996
111
135
83
44
991
60
82
56
2
76
199
27
253
198
6
49
79
279
244
695
603
260
105
121
98
155
107
105
574
78
61
107
377
289
933
153
165
50
150
230
103
57
589
179
333
539
137
142
738
107
70
422
112
34
69
95
56
20
15
115
184
238
36
87
51
347
603
102
665
26
89
45
446
89
139
277
475
109
45
25
46
132
65
331
27
118
335
70
91
218
202
66
255
74
72
253
62
118
89
288
77
342
21
124
454
197
538
139
229
230
450
182
253
163
130
574
333
208
256
587
17
40
813
966
602
406
39
117
31
450
178
286
28
86
2126
266
151
447
219
415
39
710
93
131
42
45
101
86
239
252
145
286
161
2318
296
237
76
489
112
319
402
140
164
34
45
386
214
2819
104
78
123
32
1937
537
89
56
337
72
364
236
234
231
163
843
81
1627
159
51
205
363
20
107
80
115
194
381
50
154
326
73
9
477
103
227
343
402
459
172
270
121
338
98
96
230
92
67
129
68
88
73
199
84
422
167
37
115
149
277
21
116
91
64
136
38
180
127
138
132
189
4984
319
1231
214
43
121
204
1308
56
190
89
59
177
292
1826
0
20
201
602
71
37
284
141
355
35
43
194
805
62
139
518
299
154
89
14
203
164
76
331
207
2234
368
327
70
92
430
14
61
19
1497
246
155
74
288
13
622
123
191
339
1097
159
84
226
5
167
299
354
39
556
128
34
1497
62
101
209
147
781
359
105
18
21
137
45
203
512
510
116
194
12
82
52
854
444
135
148
0
27
425
1147
66
42
80
95
6
325
24
73
115
185
130
113
25
124
19
46
62
112
253
22
209
89
27
80
203
9
192
193
193
156
369
569
27
68
96
159
94
99
234
76
140
96
51
109
108
192
278
78
217
330
52
521
410
139
195
27
117
304
685
183
284
173
35
54
71
543
162
226
246
206
99
60
102
81
134
130
57
98
119
775
345
64
111
71
55
159
49
91
123
13
61
1048
5756
1366
36
100
144
558
158
44
155
101
66
84
272
147
50
435
65
97
34
70
506
257
55
257
259
425
290
371
177
193
563
119
3079
493
458
757
50
200
143
351
87
91
295
502
487
77
427
81
235
247
174
39
414
208
284
357
181
291
8
68
234
372
305
528
1779
148
227
258
75
220
236
127
98
67
556
92
963
280
60
235
554
97
219
3
375
205
36
261
81
64
95
2518
97
15
148
908
48
672
150
241
61
96
106
968
54
198
116
3310
223
218
66
131
127
53
80
163
126
244
107
232
204
230
308
127
406
19
117
58
210
431
220
126
73
900
77
360
32
18
148
135
267
91
199
12
17
29
391
696
88
86
310
143
101
132
242
332
981
81
273
77
133
245
15
87
114
266
204
145
78
1563
262
225
8225
96
29
86
348
563
3
232
14
245
94
424
69
78
1911
116
102
577
608
141
271
207
72
255
78
156
84
2102
366
114
116
77
213
476
104
62
287
517
175
44
298
148
182
376
269
142
201
62
61
286
416
250
62
7
21
349
94
159
64
507
0
218
74
271
62
228
578
77
347
310
15
88
169
195
395
373
16
188
179
197
448
1673
248
43
107
106
555
406
346
42
36
243
376
251
992
102
1022
105
417
551
117
45
310
64
154
295
204
190
217
203
38
277
235
110
16
184
191
170
69
476
43
176
284
39
32
430
120
447
147
50
127
623
68
107
5
128
369
108
45
123
279
114
1329
153
87
243
130
550
63
85
3
364
121
29
47
685
300
50
161
20
275
63
104
567
1200
156
307
433
136
354
540
23
44
322
29
78
803
34
95
51
642
43
73
85
166
230
180
263
251
46
228
147
7
175
198
314
229
270
11
283
599
315
54
170
316
548
130
62
97
45
72
132
62
157
97
430
114
240
160
1406
246
486
478
60
131
100
300
75
179
1036
157
55
295
64
198
110
23
64
29
236
27
256
116
613
160
147
61
79
99
276
174
548
118
283
32
690
118
455
254
138
186
728
89
191
69
175
21
96
83
112
225
129
393
279
209
152
575
200
175
442
290
87
215
59
227
134
84
126
224
0
790
62
131
122
135
102
192
139
64
93
298
544
112
143
596
246
93
140
217
73
64
38
54
30
3022
68
40
6
71
19
53
109
290
111
9
510
75
288
3
1214
79
55
89
219
121
139
318
636
80
159
147
75
520
235
203
94
141
182
160
9
332
22
1
37
207
230
37
58
319
149
5989
590
115
283
317
625
76
282
276
315
831
197
130
147
189
136
72
121
65
92
73
128
115
51
423
217
19
27
33
150
83
130
327
4
175
42
49
66
47
5
155
318
101
2288
255
334
32
76
200
255
192
361
28
201
206
119
234
26
111
67
123
674
17
733
201
14
140
424
68
162
104
378
17
73
93
62
149
690
164
379
172
68
517
148
137
60
2103
75
256
232
86
233
2
258
60
53
74
74
480
128
183
72
180
79
186
97
205
552
56
297
84
116
358
253
280
153
19
302
41
36
93
0
106
70
306
46
90
38
96
97
57
294
82
89
402
14
131
289
72
37
264
585
177
333
125
72
476
220
315
29
567
306
432
262
110
62
62
55
81
421
156
166
711
237
132
440
62
88
42
194
80
146
302
261
41
110
5289
11
104
84
44
846
84
224
308
187
123
163
96
383
213
370
36
60
350
341
85
100
60
302
115
202
205
85
68
36
70
452
137
87
62
25
142
276
61
109
85
75
147
446
411
167
233
159
94
421
88
81
165
424
209
207
421
211
36
40
162
87
566
8240
375
60
286
1286
186
662
94
349
36
48
185
86
182
141
240
52
294
497
109
403
567
318
181
18
469
388
37
103
196
379
502
537
126
101
7489
327
1
7
238
67
92
78
278
438
91
230
124
71
67
268
106
530
97
411
92
66
60
603
281
131
189
143
75
419
420
103
160
295
481
237
50
281
674
196
19
100
81
36
40
81
240
312
503
350
73
182
515
40
227
140
214
174
745
94
119
92
37
156
63
146
93
170
45
22
62
192
111
273
281
86
423
754
88
166
41
283
323
76
355
329
176
150
51
68
54
227
77
339
121
17
1636
210
609
227
90
6205
80
268
337
92
30
668
2622
65
419
292
562
406
140
183
170
295
144
200
263
101
80
168
249
188
184
37
1554
75
57
126
461
167
48
84
3
3438
149
159
34
1011
428
88
170
305
43
92
513
158
91
129
40
92
65
106
783
409
737
226
101
78
309
565
63
344
76
148
27
131
8
1103
67
1009
161
68
99
157
357
513
29
22
144
128
167
111
30
82
80
171
249
37
121
137
321
113
144
14
640
205
287
58
361
81
137
113
170
246
377
134
157
196
145
285
84
209
127
216
162
112
42
31
171
15
2113
26
432
173
55
73
1139
30
1040
256
54
155
97
175
478
228
433
292
99
123
171
165
77
36
91
327
68
159
98
320
17
77
374
359
2
69
231
416
321
113
59
95
74
82
483
1051
231
230
1686
143
44
180
65
157
595
46
105
322
98
171
137
115
110
82
167
158
108
821
284
283
115
153
28
228
84
72
207
256
197
3
406
812
21
201
162
204
334
50
99
104
183
204
1208
238
89
77
921
228
373
91
273
129
88
859
186
206
63
524
374
81
180
158
78
171
1968
71
93
259
427
159
163
154
63
113
227
59
122
157
337
272
293
330
29
244
65
227
271
381
63
4516
157
65
141
108
56
192
199
29
97
53
360
45
1159
14
205
51
374
188
84
168
358
72
420
219
159
353
53
65
207
225
79
250
298
307
401
26
9
17
115
65
289
81
74
233
83
59
39
128
357
32
206
199
426
88
66
205
947
81
105
100
44
502
229
81
188
140
164
275
81
197
64
45
279
203
158
381
340
227
95
177
164
80
89
253
131
261
292
866
242
160
953
479
28
50
154
138
271
755
214
570
102
81
383
411
65
1223
33
87
171
75
570
396
164
175
116
120
105
73
98
9
23
78
162
32
78
157
266
329
61
252
153
216
137
71
222
1430
20
171
135
45
283
45
41
121
331
61
2013
131
26
427
1
155
109
5
340
71
215
71
55
10
1274
65
188
341
360
102
177
436
75
155
150
331
302
33
961
131
151
66
144
290
314
709
55
438
180
131
284
234
95
147
291
200
394
68
1303
32
535
111
241
96
36
34
63
150
104
546
38
220
386
291
49
72
48
1066
41
145
176
480
42
44
173
60
80
130
73
579
150
12
94
717
24
161
58
116
81
156
157
195
285
332
205
133
65
246
116
404
355
7
62
246
201
25
332
1076
62
120
192
654
1045
322
818
364
210
65
83
219
184
4370
97
96
15
43
97
195
47
139
65
734
16
144
225
61
112
224
992
171
12
125
364
504
363
621
224
1916
275
69
261
25
1270
78
474
25
79
118
274
91
72
2861
53
99
432
140
175
700
81
177
338
78
327
32
119
50
962
83
298
78
206
51
188
80
233
134
548
413
68
82
144
70
157
83
106
75
96
327
289
8
148
187
83
129
211
282
159
14
71
179
134
682
393
136
135
341
54
2606
24
18
173
165
165
377
129
242
92
174
225
191
214
79
799
129
117
2360
140
83
116
125
240
155
1
160
257
38
262
67
179
39
735
213
273
334
14
200
120
227
286
19
485
50
59
2746
44
36
60
116
479
99
816
15
89
120
431
59
101
534
28
851
64
261
204
14
120
125
619
169
343
235
121
211
111
143
60
81
11
1579
212
289
156
329
316
276
589
201
23
143
73
401
109
259
159
61
47
211
154
95
127
351
332
31
108
370
2018
100
105
179
69
141
108
69
61
197
271
64
401
258
172
583
48
90
19
144
50
155
509
90
100
156
77
762
213
851
54
46
489
45
170
75
420
0
390
213
100
173
274
322
74
43
190
56
226
117
39
83
133
253
802
59
362
1001
89
112
111
290
60
671
422
65
149
432
65
240
309
47
11
206
78
438
494
29
152
89
135
232
105
318
96
458
178
291
33
110
589
779
337
32
98
228
319
405
103
102
133
84
364
43
442
104
44
130
346
533
269
76
50
154
117
266
527
90
115
133
150
613
186
121
134
219
292
722
373
54
48
243
262
123
12
22
14
375
254
463
445
186
116
223
159
166
15
152
405
34
41
229
284
860
193
665
176
24
117
67
80
98
176
826
273
284
318
41
15
70
307
191
206
424
3168
400
465
283
645
398
684
95
195
584
46
197
13
824
46
135
178
913
35
225
360
213
198
1055
84
181
133
734
110
23
85
45
33
370
392
102
65
312
168
298
149
155
340
231
57
137
325
90
62
72
116
174
92
2106
174
253
130
668
269
172
123
348
247
92
192
26
47
200
59
204
271
149
4
98
172
65
132
385
72
72
128
28
22
88
195
384
34
87
261
107
204
80
42
238
129
338
117
169
319
122
34
1277
167
223
28
43
60
71
6
505
176
54
417
94
390
160
162
51
173
107
65
3
194
60
466
61
240
199
56
2510
145
336
199
241
84
187
62
306
46
135
27
11
124
257
208
269
215
317
74
108
443
29
90
56
15
146
348
10
12
61
86
72
278
122
1304
60
144
17
417
90
23
272
108
243
272
164
93
81
738
763
33
237
153
104
21
105
324
713
246
9
127
100
237
350
67
241
108
123
148
44
38
514
60
125
74
71
202
73
24
62
95
113
104
107
94
262
269
21
64
282
331
176
190
227
224
224
62
71
249
427
17
25
122
89
280
20
499
51
765
101
104
250
82
153
71
109
91
298
10
745
140
122
676
148
66
27
280
220
91
399
342
196
100
173
339
70
192
393
248
380
263
139
71
30
613
935
361
540
0
334
228
194
105
155
485
425
110
77
267
118
74
131
101
183
133
45
75
248
254
101
151
94
280
454
57
311
188
138
118
190
36
57
846
1037
65
810
355
5022
61
132
998
178
397
246
284
155
18
420
479
31
22
298
294
177
104
233
121
148
784
210
584
68
105
265
25
484
31
35
151
241
186
87
17
51
165
48
207
460
1280
154
127
309
282
210
84
108
428
399
150
257
352
887
115
181
245
2928
15
147
362
100
87
271
1027
65
67
130
35
385
106
29
193
65
315
42
242
85
269
314
180
290
59
333
160
156
248
84
2220
336
91
160
318
432
33
74
337
132
245
193
95
586
85
97
68
233
838
66
738
98
293
106
97
58
383
1745
33
396
758
95
239
444
29
381
491
127
254
426
78
16
13
348
233
88
139
502
342
355
112
64
2027
417
119
126
96
46
9
181
302
452
126
145
68
33
227
2344
286
89
136
72
128
84
215
43
126
68
46
315
298
68
71
608
267
192
167
361
47
322
343
323
189
302
103
881
159
100
166
96
111
1083
86
106
235
148
242
157
282
100
165
1179
1542
58
75
162
5
373
197
657
140
94
100
102
189
120
237
645
26
159
222
96
1286
57
278
51
223
432
178
102
403
778
301
143
43
1537
146
545
233
196
123
107
230
122
134
240
168
558
74
22
157
1736
66
27
73
476
68
184
53
592
2031
154
82
27
509
240
109
375
905
61
38
141
200
101
61
624
99
130
62
106
447
112
550
329
81
59
262
14
135
182
183
132
103
135
5392
297
171
208
50
627
60
548
91
100
278
276
656
6
59
92
506
177
65
191
82
129
196
156
10
26
84
775
292
19
312
20
48
199
202
257
298
2827
303
66
177
90
357
86
163
163
234
2
141
57
42
139
130
456
1508
43
248
183
21
77
129
84
89
129
233
412
100
19
105
269
460
70
119
59
112
71
60
308
23
71
147
107
407
595
181
81
176
59
177
88
58
246
425
810
57
313
3
85
49
125
66
81
1
49
223
825
163
3
21
103
118
49
467
718
90
471
305
252
79
287
224
294
24
208
521
153
21
87
353
88
19
83
813
108
145
87
104
72
71
201
196
276
151
214
101
215
74
153
100
105
120
43
51
166
4092
347
24
128
49
66
19
256
299
152
379
249
16
88
620
43
79
583
574
491
59
822
81
178
83
286
42
168
170
23
63
363
111
753
372
308
429
315
1433
93
169
235
123
69
370
23
178
189
378
384
217
39
398
492
56
136
82
346
77
126
65
211
62
423
157
93
104
372
169
379
2
159
13
626
119
78
79
51
67
88
418
99
40
89
40
474
195
75
122
45
59
733
248
29
113
299
111
62
138
93
912
382
70
104
56
117
106
130
48
138
297
123
554
179
91
191
443
106
367
89
1917
100
97
284
92
181
239
168
277
304
297
71
463
65
56
83
268
159
209
480
248
276
187
83
257
76
111
314
48
258
593
103
65
420
113
122
252
31
135
128
400
801
96
321
923
159
379
132
1782
73
40
118
357
72
116
19
142
170
368
78
11
226
46
236
14
85
367
324
140
91
77
279
1299
90
126
312
107
173
154
86
1133
3212
84
204
287
377
191
477
2013
242
201
34
11
2
2599
1953
429
108
19
2433
32
27
34
69
30
471
4
78
76
431
134
17
51
262
146
216
406
123
207
68
110
105
62
1
587
230
234
108
402
197
409
418
169
52
40
30
210
134
65
49
388
16
284
9
50
279
30
142
138
536
243
733
635
262
128
144
215
193
750
1057
110
1831
437
291
297
87
285
141
165
872
395
281
184
47
78
295
145
243
74
16
353
3
3
95
205
289
331
277
281
429
454
138
71
668
728
458
3
79
89
65
53
5670
361
166
84
77
47
64
136
68
179
289
141
241
10
106
1245
614
73
120
262
84
67
17
176
292
125
268
169
369
1111
170
59
200
482
101
100
107
231
204
28
174
310
100
77
68
25
118
374
184
24
78
33
33
99
81
109
60
100
299
728
0
18
103
106
149
197
96
201
211
229
504
2192
382
109
176
149
301
270
76
459
222
34
174
224
71
132
204
5413
63
58
118
69
303
161
89
78
280
209
32
134
7
84
414
93
88
101
288
46
916
255
68
203
171
381
147
715
867
175
215
311
105
1086
14
67
74
5
1074
57
160
70
504
40
427
147
673
10
131
60
476
661
436
150
123
351
436
1769
229
206
86
478
458
271
189
17
164
622
86
334
416
224
1362
240
1403
252
100
536
132
91
59
414
65
1050
172
969
53
127
25
104
483
213
88
241
100
206
36
251
126
87
1714
64
56
67
64
279
52
200
69
30
201
77
79
24
21
102
322
305
360
40
108
135
564
63
82
255
46
151
41
54
395
225
92
280
49
193
576
170
223
163
458
141
144
603
194
201
178
223
72
250
120
205
221
329
202
111
107
2415
58
192
196
106
264
106
592
8
287
624
48
81
45
66
135
80
174
185
37
137
166
84
45
26
363
160
112
446
308
118
74
124
54
58
155
919
1929
117
86
274
0
231
212
322
139
180
239
381
214
1752
100
119
293
788
91
388
370
89
77
105
887
659
2352
174
90
95
223
200
66
7
140
30
162
106
321
1117
110
248
237
249
88
74
23
283
214
61
113
17
12
88
121
451
75
577
187
161
132
69
70
110
221
93
37
102
144
143
780
360
295
1
47
53
101
155
94
8016
586
214
187
183
160
324
353
178
467
62
339
11
271
219
163
157
402
86
762
156
166
824
394
98
80
132
9
305
1329
10105
177
179
225
637
218
316
1068
83
106
183
172
87
273
219
225
61
335
7
76
8
168
209
313
182
95
99
187
63
55
171
198
87
129
106
321
182
579
103
71
28
116
123
272
226
135
106
108
171
355
242
47
95
312
2
270
42
44
655
162
212
388
371
37
105
360
79
63
158
107
100
75
151
88
54
125
76
104
134
321
171
66
58
101
146
196
286
80
36
101
44
138
583
0
56
748
76
88
33
624
106
687
159
184
278
227
285
82
