789426
1179929
211915
551246
5766845
21267
1358133
51875
4880
302725
27598
35485
3447838
1029293
143
678712
1306301
9429
64461
10322
228787
1075800
74400
102576
52815
285227
82232
3728
684214
69247
1030732
31841
2102773
73664
32937
162329
52977
410857
6634381
33186394
9549206
1683
43467
86742
297
783
988250
251
127732
8240
126472
94351
5618726
12708
50392
138373
385585
239524
989821
173153
18761
548589
46
1979
750747
29578
1846
106918
15121
98285
519940
226666
1543938
943322
22756
60
46104
158
18865331
0
8454747
3843635
462
352
14675
11549
5521
140525
11841
5624735
897548
1880
1724162
2489
22029
160387
2544
104549
66292
1035623
581
50930
59926
1166682
87
458646
28680
510377
220667
177169
26006
2513
1041398
1226809
3294
351
59159
1903
723535
127421
4212925
352380
8223012
783687
2320417
1015968
5627
3225155
57727
