163
440
153
1977
1420
234
162
1288
282
400
121
399
1957
120
225
304
1121
73
137
52
102
212
320
678
446
197
116
530
188
235
39
217
131
1348
80
141
722
287
524
278
1062
162
162
48
485
14
205
251
226
2247
458
139
1759
241
97
368
341
80
306
209
406
408
160
1576
758
46
79
194
86
124
166
417
236
165
88
154
326
127
1376
0
1546
922
149
104
298
252
273
780
804
613
217
115
270
320
231
41
119
856
150
108
371
1778
140
1857
204
741
170
574
44
289
206
2840
333
130
1855
536
171
630
339
1671
102
126
719
155
54
587
242
107
802
