2420
11
41
125
354
142
210
58
10908
76
90
59
1341
4
0
67
83
180
89
389
145
1376
109
312
1
15
36
0
140
1383
6
1391
102
51
229
111
126
12
19
78
34
1382
49
52
63
34
74
19
78
357
53
44
25
126
157
120
41
72
1480
56
33
7
2
97
69
7
48
5
53
431
86
7
2
196
93
23
19993
19
27
36
38
17
71
248
45
197
702
57
397
42
9
49
1
46
84
4
115
116
47
2
42
607
35
375
467
766
4
50
3
576
28
12
100
16
49
219
1794
3642
1
0
39
3
58
683
1331
1394
131
2
0
467
35
180
1600
690
30
64
758
55
13
130
33
2
18
60
178
35
288
7
6
338
427
60
48
76
968
1292
38
3
130
138
5
187
297
14
2294
101
73
327
3
35
363
4089
0
115
617
1
19
1
55
714
80
510
14
80
100
154
260
51
19
766
7302
6
10
20
60
28
139
4
34
72
110110
303
81
41
1360
9481
130
69
17
3705
85
84
2
1614
488
147
131
84
123
0
1299
7
3
22
49
114
34
36
57
0
115
65
89
313
325
35
0
365
645
74
24
4313
107
5
74
15
45
87
10
1
347
1
159
987
49
1723
3042
183
31
45
5279
224
3
186
20
90
76
43
19
5
55
41
73
307
10
204
163
39
51
254
91
46
35
98
75
1307
318
895
270
30
1
106
16
739
16
28
387
23
63
2
624
67
40
31
182
82
16
172
8
168
10
43
1849
59
113
59
25
4
24
201
1
21
7
162
113
38
4
3
209
304
121
6
384
30
105
48
1
129
17
474
72
39
42
83
1
163
13
2409
1
97
43
0
209
104
357
14
0
283
13272
102
108
15
118
50
38
351
56
99
13743
16
77
289
52
896
50
1220
261
51
167
115
2126
58
28
37
24
72
123
8
154
48
9
1655
379
244
222
48
11
22
8
25
1
6
253
1234
127
42
179
36
0
33
66
115
101
34
28
238
38
5991
164
126
122
426
380
48
127
45
10
28
34
56
143
24
214
8
420
21
10
93
416
418
4192
39
6
76
2
73
15
721
52
252
602
2
9
85
78
52
76
173
6
42
28
0
19
26
59
31
248
101
64
15
217
109
96
4
28
114
1
133
80
451
618
395
44
22
6
202466
269
0
198
22
260
286
0
532
19
178
56
31
17
36
25
96
57
47
113
4
0
58
18
98
207
74
34
119
1680
242
20
15
206
4
4
46
156
5
26
349
28
256
102
458
27
26
24
1435
29
29
21
227
1
41
7
203
128
0
32
9
154
79
42
26
42
73
126
724
115
166
215
57
488
1
54
42
0
104
34
30
89
3
106
25
6
77
57
15
1
27
108
137
16
33
153
15
290
179
195
3811
1485
497
116
31
12134
65
27
239
441
1
76
487
214
4
18
1324
92
99
7669
2644
321
220
116
134
1339
19
316
35
59
255
18
4
14
52
33
220
131
666
55
1128
40
24
136
23
49
15
20
16
9
89
113
46
178
1384
898
0
69
44
6677
160
1242
419
12
158
40
77
1524
10
80
23
91
62
0
6543
84
1133
1964
11
75
62
149
187
1276
40
94
50
111
11
297
93
91
57
62
111
57
72
16
102
83
7
227
176
26
64
6
215
30
114
106
0
14820
106
31
293
13
169
2546
496
405
220
4602
62
11
77
278
16
104
1622
79
98
60
184
23
0
0
111
34
68
31
486
71
165
160
54
8
53
45
15
157
66
101
124
93
50
68
6
58
34
4366
2
11135
27
224
1407
204
31
20
100
87
8607
43
45
5580
121
54
14
52
44
48
12
12
123
63
76
3
9
28
0
11
2
40
466
435
0
79
108
17736
233
109
126
616
26
164
62
6075
18
12
8
14
19
67
244
267
56
19
0
680
803
39
1157
103
93
7
1
40
11
215
47
260
56
1631
55
51
53
74
251
115
467
1
1174
51
5
22
1727
14
199
7
150
726
24
39
63
415
129
12604
116
9
148
36
5
124
242
21
34
336
18
37
296
43
167
20
74
108
925
122
172
4
229
126
764
44
123
975
1
810
986
19
335
439
14
7
32
62
190
395
34
29
1204
102
29
206
1407
260
202
186
0
60
2
450
0
1
48
55
0
29
176
44
64
21
63
138
26
84
8
190
515
63
15
0
48
157
15754
11190
2128
1120
40
5
17088
30
441
229
693
12
166
1556
39
240
41
30
269
6
66
52
250
809
6
102
89
177
893
199
154
0
0
33
47
176
91
240
47
898
12
145
71
1030
1264
222
9
25
1529
127
885
50
1183
38
486
1
401
40
156
1019
5
118
70
13
13889
265
51
81
257
111
1
71
90
20
36
478
98
45
25
61
260
710
8
45
78
264
137
5
15
94
9
61
261
23
99
44
555
60
69
79
37
526
13
1324
37
59
136
20
57
90
25
51
93
152
23
17
22
10
5416
323
236
18
84
6
4
14
291
3
0
10
2720
51
294
15
2
2070
55
38
2
3
2
56
13
95
469
50
2
199
8
32
108
3
16
278
93
35
24
4
53
10
31
218
11
19
346
243
90
51
0
5
29
93
1
28
25
43
22
10
611
3
51
359
317
230
5
414
22
1680
22
337
4
85
37
49
186
9
18
0
29
5895
73
633
7
70
377
388
4
12
253
37
163
447
3
53
50
0
129
70
21
53
669
0
32
120
14
52
187
420
25
152
19
52
210
30
91
2416
13
46
16
588
112
190161
40
67
29
44
22
2
6
145
215
167
96
185
186
51
48
0
86
187
24
10
30
3
4
45
106
76
136
31
2
22
46
37
44
2948
0
11
227
69
2
0
44
53
106
13
7
20
234
36
261
61
70
40
36
12
22
32
5
193
26
11706
175
6
242
34
290
149
46
0
79
103
223
133
15
449
345
60
63
98
32
3
81
1525
103
35
306
26
16
23238
66
125
169
9
175
19
142
100
2013
36
6
174
48
33
90
7
403
7
341
2
28
44
19
65
10
63
9
1507
305
24
285
50
109
28
260
138
29
404
16
28
13
48
1232
50
10084
23
0
63
72
282
21
228
14
20
11
583
48
51267
22
125
98
28
4760
14
110
121
1075
23
7
819
127
24
345
0
33
66
105
126
211
2
55
163
72
128
52
192
70
41
48
48
312
10
12
18
25
66
13
606
8
66
162
3
3
139
86
15
15
33
36
186
38
102
20
273
451
137
11965
56
169
29
42
8717
29
120
3
74
1135
1
50
41
5794
0
2
30
98
58
3
46
20
91
5
44
2896
207
0
114
203
65
199
164
6
16
159
45
20996
30
397
114
145
13
17
344
9
2
7
323
137
202
3
21
7
66
16
291
1392
773
44
32
55
0
42
170
735
125
110
35
33
180
0
26
79
49
114
103
258
44
1
11
6
203
97
415
28
303
4
18
6
437
57
12
51
5
21
243
164
4
24
104
28
1
84
0
3
63
4686
15
42
73
80
19
11
9
3
3341
52
160
68
5
59
1561
17
127
93
118
8
996
136
150
1480
10
548
29
92
156
1
81
54
11
83
39
1429
184
47
59
99
53
2321
222
31
345
36
7
290
2649
55
59
29
10
8
1
1947325
193
24
170
18
69
1
64
52
74
33
31
50
56
126
564
46
113
2
1182
120
25
27
13
15
24
509
166538
123
46
28859
29
27
205
14
326
19
11
31
135
73
6
3174
1562
24
1
24
811
392
1500
90
310
117
133
54
54
17
904
272
203
733
126
139
25
24
193
119
0
8
35
745
94
3
56
3
166
253
113
70
141
1523
66
733
891
277
86
49
19
43
221
108
35
49
1173
35
2
14
149
47
52
99
108
49
2119
41
0
180
193
6
97
1
1199
152
2
86
16
4
136
209
15
64
486
122
34
646
268
26
0
66
36
125
1
39
17
929
19
40
23
10
83
82
1
221
9
20
1
201
49
23
21
93
442
4
2560
12
9
34
25
44
116
136
5
50
2
3
174
32
22
254
87
10
20
338
256
1991
8
92
1343
7
2025
38
87
51
199
1052
77
1
965
579
7
18
3
104
71
110
66
223
658
242
1229
89
9
60
34
26
8
133
2
94
121
234
35
4
105
48
17
490
3354
104
195
12799
2120
99
9
23
30
1687
133
37
2200
1
23
46
18
16
116
391
43
2
103
4
37
175
100
29
470
7
4
86
196
147
1
9
7
124
554
40
31
126
0
33
21
21
2
58
194
3
192
37
36
1149
62
39
356
1383
50
84
28
53
257
122
98
5
8
13
1674
95
239
39
81
7
60
66
335
61
165
40
26
31
31
15
107
23
33
17
197
14
61
7
11
60
136
6
60
52
66
11
1
319
5
29
453
612
44
11647
49
65
13
0
4
45
3
68
3
51
4468
129
60
345
19
7
150
99
18
54
70
255
1
25
24
296
1630
28
6
178
94
49
87
7
126
69
81
70
35
35
50
424
14
39
13578
3
3
151
0
36
69
33
19
7
139
16
80
21
81
60
768
53
9
335
62
19
68
70
114
70
247
26
0
274
528
76
26
55
233
380
66
0
134
66
6
146
21
15
72
2499
8
195
26
148
249
534
288
4
46
1270
28
1
448
1748
33
6
130
74
56
2627
27
24
2
76
56
45
23
302
11
361
83
28
14931
158
81
1216
20
50
14
242
78
45
1391
192
49
193
27
306
0
85
32
94
18
19
127336
100
1192
84
93
6292
127
2273
36
91
131
2
27
38
251
21
3
60
60
3
265
15
49
10
11
67
223
39
59
58
133
240
992
282
353
48
5
95
29
8
62
20
13
28
12087
9
10509
25
77
1
23
59
2865
13
0
58
12
12
0
790
0
11
14
20
36
37
21070
381
185
236
144
101
360
32
14
4
198
188
48
7
158
2
0
2
55
58
10
407
291
35
7344
195
111
57
270
674
587
11
1576
87
161
26
36
16
469
6
5
4
0
81
1
98
23
25
182
55
31
7
593
42
59
22
50
0
320
6
70
14
22
0
103
51
27
122
173
36
26
30
149
52
57
213
34
265
43
21
4340
80
49
34
29
340
10
238
26
69
43
596
22
69
75
1393
0
23
568
5
215
314
8
109
45
2
212
71
5
0
758
3
327
35
119
16
3
153
34
34
18
65
1288
7
8
3
50
59
165
41
93
744
6
2089
6
17
108160
93
14
192
4
30
9
17
55
2
46
103
19
11
413
115
57
110
4
311
46
6
21
9
59
1304
4
5
359
2649
3216
54
78
0
183
77
126
28
145
587
53
45
54
2
125
1
10
1140
61
425
86
110
196
39
32
34
0
86
0
213
855
70
23
55
561
7
38
13
5
583
44
21
62
38
10
43
16
171
112
2040
23
14
679
673
11
27
0
330
8
82
1347
186
11
18
83
215
15
55
0
22
83
26
24
24
61
7
327
362
1290
88
816
30
104
16
3
17
97
441
356
114
78
435
1
3
229
78
1146
6441
160
0
250
959
435
99
493
566
11
0
373
143
63
111
46
29
25
473
22
91
4910
1929
34
51
20929
425
14
84
48
146
332
592
39
78
559
1015
0
0
50
3
67
23
15601
127
13
802
24
5
14
1076
21
467
51
390
26
0
0
163
126
15
88
39
16
606
55
334
2865
33
130
289
18
77
192
36
21
90
10
79
42
5
853
1202
533
153
111
433
642
18
265
8
10195
13
69
49
52
63
36
184
14
80
29
24
51
18
15
88
67
127
45
46
46
159
67
618
2
268
41
38
511
307
147
4
74
2
46
20
2
301
220
8
205
64
227
21
37
509
31
59
131
24
68
142
1471
8
63
33
3955
105
79
431
239
15
171
5
205
1
119
52
59
14
32
1720
892
38
0
1370
261
14
364
51
0
10629
10
56
5
82
143
6
34
17
10
61
964
44
152
43
43
9
12
235
117
17
1996
36
87
23
34
500
0
52
0
75
43
91
25
163
0
3992
21
7
115
25
206
499
16
0
2
28
170
48
0
0
8
21
72
9
3
58
83
205
102
6
116
26
417
57
111
16
59
93
17
53
74
58
144
194
29
96
49
27
996
31
189
4601
9
1
70
3
537
0
361
9
7
17
326
20
304
96
18
52
41
125
88
44
57
79
8
4
337
64
106
30
4
2371
36
10556
63
299
31
741
187
361
0
172
222
209
147
28
39
65
42
37
190
135
256
20428
686
30
132
69
2
143
200
13
194
54
58
915
149
9
1395
3
58
21
38
167
27
29
14
58
4
30
119
24
572
21
51
1
45858
3950
29
28
68
22
473
30
22
116
2059
95
111
24
38
6
496
640
174
12
19
184
224
636
130
73
24
21220
147
279
182
79
4
4
1019
1
564
55
192
74
104
35
0
24
11
51
33
68
43
19
32
169
1
70
64
155
88
1131
17
2314
123
0
26
41
53
13
6
15
194
18
457
35
124
11
129
49
38
377
30
29
75
20
40
117
127
157
19
21
20
69
57
169
67
1929
32
0
13
6
11
0
101
4
43
186
19
3
87
44
439
0
91
83
311
1094
1
172
267
15
54
17
85
84
230
53
140
112
91
101
139
125
39
41
35
83
136
87
232
28
18
63
71
32
40
484
144
151
40
215
86
116
26
81
1740
1140
320
70
6285
1475
30
196
4690
289
226
93
2
164
32
54
43
31
10181
312
33
91
57
1179
6
27
17
0
6
0
25
17
2
3
225
81
49
502
134
162
55
43
51
62
34
281
147
7
35
17
20
1
1089
284
11707
38
9
362
0
95
1
1
690
86
137
896
26
5
1400
18
190
58
203
20
100
130
1
29
49
290
62
5
282
13
2
4
68
122
122
849
21
910
79
6
244
749
59
44
231
466
227
0
335
14
95
29
230
21
3
0
75
11
12
34
1
5
37
313
14
121
13
1104
1872
28
27
148
17
17
12
38
12
230
71
151
213
4
4
2617
35
23766
22
305
160
18
60
584
29
32
1542
61
0
91
13
107
1287
116
1
542
1083
1023
223
89
0
41
37
971
160
704
384
15
43
84
1424
581
1396
246
19
58
2
113
170
27
1
291
1364
51
0
125
229
0
41
144
4295
20
1
59
115
159
119
387
84
384
171
1
264
17
89
14
202
25
2
1134
140
0
0
4455
1
1677012
135
25
77
1711
42
49
68
101
188
170
40
22
85
118
100
64
498
38
62
279
109
731
1690
29
3
20
25
26
231
2
143
2
3
14
359
3
240
9
63
87
634
326
36
34
3
11
0
263
135
64
30
61
0
17315
16
28
46
57
708
2029
67
571
412
350
76
139
98
32
804
74
28
2272
24
32
35
87
1431
63
2
35
66
13
299
1
1443
14
32
269
203
421
8
79
49
18
60
265
232
37
63
509
82
50
0
19
45
32
134
32
7
5434
410
28
72
59
174
284
8
142
160
16
23
38
76
604
35
211
8
37
27
25
0
39
0
17729
42
117
32
230
97
32
76
93
12
26
75
446
44
10996
418
11
90
81
183
250
8
195
226
2
32
80
16572
10
75
224
1
64
21
15
1
127
282
4
279
40
3
2037
33
36
5
12
3
98
268
28
71
49
65
72
7698
91
43
16
546
49
35
2
272
0
286
190
2
22
104
102
77
2
41
41
328
115
56
27
34
22
49
33
143
1282
16
122
10
48
0
1083
252
2
34
1442
21
35
316
11
8
97
49
1469
1304
66
58
198
12
117
45
74
122
48
21
194
36
108
49
116
1249
4
55
65
36
79
37
7
237
18
941
6
72
3
9
34
36
1116
101
31
4
243
15
106
46
4
58
70
19
653
42
81
23
64
22
18
109
11
3
60
272
23
0
12
8
200
586
547
202
118
26
9
19
600
2
64
15371
1
12
102
79
1246
141
19
157
30
571
265
57
29
23
91
386
96
134
51
0
0
1160
124
49
1041
104
683
22
76
107
131
128
11
9910
201
105
466
5
217
0
27
122
740
69
36
324
24
14
1603
38
107
23
47
3
23
204
10
18
157
642
8
2
426
58
92
44
37
31
16
1
16
45
13
14
1
17
39
159
468
60
221
13
1630
43
45
18
159
43
334
199
3
5
50
39
1168
19
74
1
43
173
2
46
179
9
19
33
27
7
14
25
730
8
11
4705
136
18
25
64
701
70
398
172
45
114
36
417
84
20
591
8
29
11
67
1
56
58
20
92
29
331
72
35
44
52
27
22
1
49
0
233
0
3514
130
25
3327
107
860
104
16
29
345
83
1576
0
210
102
18
84
724
12
104
411
42
67
13
345
152
66
2
0
10
1298
1
20
37
1877
28
343
47
1011
6
29
0
248
21
1023
857
40
657
744
53
12
22
204
62
19
96
115
64
9
1402
75
485
141
2
43
81
96
83
7
197
88
18
48
3
8
83
3
91
8
6
47
26
15
15
19
45
132
14
9
162
86
46
2
19
58
7
81
468
182
92
17
44
143
132
35
81
11
1
94
5
27
28
699
31
1
105
69
11
43
15
14
75
8
88
26
12
201
14
0
6
316
119
16
188
148
34
43
20
143
37
82
515
93
32
252
239
261
1
121
57
4143
1180
0
2227
40
126
54
212
56
743
26
52
156
22
20
142
36
1021
56
4
23
198
121
1
16
7
85
28
91
230
94
11
35
25
9
112
1521
69
1
101
163
2472
0
138
143
131
1266
1355
75
867
0
117
33
4
9
391
120
105
31
551
109
8
58
48
1192
0
12
66
0
19
25
35
99
40
139
39
44
69
364
0
7
328
1519
4
103
54
51
23
2
22
227
95
115
319
385
125
52
272
39
2131
55
33
76
18
1
142
217
0
94
7
13
344
150
16
60
2
127
0
85
167
142
601
84
480
18
341
16
53
183
27
741
19
0
142
357
2
49
17
195
34
373
4
263
128
16
10264
95
27
207
60
101
8
247
654
18
15
26
3276
1
364
522
164
932
57
25
239
27
17
146
69
17
4910
13
172
68397
99
35
150
103
308
30
5
954
96
57
10
2
37
76
70
50
689
8
1937
1
3
155
2394
252
111
42
13
28
24
13
28
40
44
3
30
18
62
723
196
55
9
1620
336
88
79
24
47
98
117
2
56
1090
33
23
82
60
228
55
2475
299
211
34
65
85
23
10
351
2907
73
19
150
1
893
79
60
1
5
289
46
210
7
60
1339
40
95
2038
143
76
53
61
16
214
51
157
13
69
117
64
100
29
415
47
84
19
556
60
29
135
24
8
82
0
35
93
1
4
285
1
7
8
226
43
123
91
72
300
88
0
12
309
39
9
72
203
0
18
63
546
2
0
90
29
68
101
6
496
36
15839
331
23
8
89
164
23
124
330
101
34
15
1210
477
67
50
81
119
5
7836
2
221
195
157
1721
3
1
52
746
51
234
540
41
29
108
242
8
30
61
344
60
20
306
5
38
32
1447
3
43
6010
560
7
1733
2
247
0
118
91
119
0
82
0
42
39
9
294
6108
27
82
112
6
3
58
4
9
69
44
382
22
17
27
503
2064
25
14
44
37
10
13
128
9
2
8
5
56
62
33
21
9
20
50
69
103
512
72
9978
3
754
0
39
24
10
11
11
45
1
1632
399
12
0
91
9
86
1
362
88
1048
1412
86
106
519
21
61
47
6
357
15061
130
18
240
471
85
28
106
553303
19
77
3
35
30
64
32
75
23
54
21
56
977
6
3
24
44
14
7
9
7
1567
1194
13
30
4
2
53
36
50
161
28
192
40
4
109
9
1
594
6636
1245
43
114
95
18
36
7
12
59
126
7
3
259
38
89
504
71
64
406
577
40
17
16
39
1
73
17
22
616
72
163
1190
1
10
14366
28
456
0
48
75
73
27
256
46
393
2
2
65
128
2
100
0
19
3
137
57
111
8
1
6
17
66
12
8
456
26
351
5840
4
5190
37
3
523
44
2
20
80
31
29
71
68
453
767
51
3
82
10
17
106
20
8
911
98
1054
39
2
7
190
1
23
153
113
81
17
96
11
32
534
2442
58
684
25
1735
29
0
9
128
81
14
19
158
210
66
42
254
299
2
4
19
41780
1157
515
25
5
34
69
52
67
82
14
134
256
265
10
118
111
938
285
52
1019
26
34
12
183
29
14
71
14
35
50
2
2
32
8
92
68
60
73
200
1
40
37
134
115
45
7
231
76
39
30
643
826
2967
61
152
4878
48
130
64
51
1470
39
0
3
0
512
3409363
123
370
76
362
4
6
68
4
29
1422
0
33
52
203
120
2
15
948
51
11
506
22
35
26
45
3
41
0
50
200
49
31
543
27
134
2261
39
2
23
28
78
124
2
16
112
22
40
21
67
109
4
1339
4
2611
135
407
650
151
26
25
20
55
104
33
24
1623
35
1328
124
440
78
1905
2
320
1208
241
10
2
4
45
17
273
82
15
196
0
221
22
122
81
384
54
21
107
28
54
114
59
310
144
0
2
3
5
12
10576
744
190
20
3
18
4
131
6
35
1428
13
80
0
1489
186
356
16
18
63
7124
15
10
71
58
51
359
14
135
22216
45
0
78
315
13
92
6
10447
48
11
321
80
7
13
35
40
98
871
142
1
63
9
0
73
89
30
62
58
180
184
0
2
13
756
88
9
47
125
23
403
3329
182
128
11
48
13
489
168
47
629
105377
31
43
84
7790
1459
140
5846
3
0
15
19
55
86
21
48
1239
102
5
64
5
7
38
3
1840
73
830
0
1315
1124
0
1041
143
161
25
54
166
296
64
340
22
429
47
14
18
33
84
17418
21
42
526
199
97
39
38
18
75
25
31
1221
802
57
19
124
28
1611
181
56
4
114
71
1214
58
8
19
124
27
740
365
111
7706
106
26695
732
2
44
18
72
11
1177
63
171
30
384
6
58
12
163
99
45
19
40
53
104
18
303
35
18
88
2
173
8
43
396
0
318
115
115
663
8
2
10
26
1006
71
18
224
30
22
3
2649
18
24
260
60
95
8
98
77
197
136
12
15
32
419
1193
121
120
245
81
0
107
46
32
130
4502
14
26
147
152
77
391
21
2
54
483
6
62
33
39
200
111
41
0
34
277
42
11
61
0
107
2
46
21
11
1
85
13
132
167
235
56
57
24
30
55
21
4
97
19
34
56
4733
8
67
340
0
69
113
384
101
67
81
153
107
603
77
1
396
45
19
574
201
22
116
21
162
1154
255
53
84
49
200
13
128
29
19
2
57
3128
64
198
25
294
305
113
23
19
27
48
34
0
13
14
58
41
37
502
107
3752
422
65
22
22
70
98
48
46
42
14
63
18
178
200
690
0
19
2
23
17
20
316
26
99
97
133
40
8
155
126
641
55
154
0
27
192
15
47
194
5
322
47
66
214
1718
21
12
97
3
54
872
7600
38
64
570
530
34
193
11867
204
20
218
65
604
781
696
41
419
179
2
108
1
102
24
48
13
17
8
954
142
1
11
25
34
100
5
1147
4424
422
57
31
1
20
104
1335
49
9
19
3
54
10
48
3
67
348
67
255
42
65
1342
304
567
1021
26
36
140
18
79
16
873
1
24
1
16
23
22
19
36
3
60
79
459
9
2191
37
69
363
625
1141
33
40
1
44
173
0
83
112
96
36
8242
42
61
116
26
516
104
89
399
0
